91.9	98.1	26.2	40.0	118	77.2	98.3	3.76	103	96.2
156	201	95.8	42.8	175	181	226	2.20	176	162
170	207	201	188	181	205	277	59.2	241	201
167	201	189	247	240	289	293	47.3	216	306
222	244	287	227	247	251	332	4.96	328	321
294	187	244	297	336	382	296	16.9	282	310
372	274	266	313	331	387	302	8.50	297	381
348	332	273	300	331	384	393	1.90	323	361
318	363	350	294	290	346	378	86.5	347	346
338	351	348	367	378	389	335	91.8	272	346
382	391	343	393	356	356	340	100	328	382
344	359	353	373	386	352	182	132	371	401
407	371	356	361	345	379	13.0	123	345	410
393	391	377	384	385	395	19.6	107	356	425
413	376	388	418	410	400	16.4	188	368	381
434	409	400	407	384	407	4.96	314	367	428
405	393	411	417	442	415	69.8	384	379	412
411	426	427	426	406	441	55.2	383	433	444
420	435	425	431	404	430	201	394	437	428
432	458	480	415	430	422	363	415	420	449
447	463	434	445	420	448	242	406	420	459
466	427	440	434	427	453	214	402	456	459
456	467	460	457	435	469	305	424	442	477
