155	152	52.5	147	62.4	37.6	36.5	104	52.2	110
304	295	152	313	211	124	131	296	116	267
438	465	192	469	297	222	270	420	199	438
591	582	308	621	324	571	215	520	325	627
775	684	421	766	445	637	380	430	511	785
907	786	579	898	473	665	362	492	552	842
943	875	583	896	635	725	514	420	706	796
953	903	691	881	592	808	681	540	774	737
827	844	739	821	705	747	653	652	640	796
857	838	760	796	784	709	705	752	763	813
835	858	796	828	825	756	760	791	738	798
929	790	785	786	776	760	792	792	773	854
926	799	784	790	746	739	767	784	829	823
956	792	767	844	776	749	797	776	892	890
958	794	785	834	810	765	804	790	915	916
974	909	925	884	925	832	906	882	956	950
977	958	966	950	952	912	974	950	981	960
987	970	986	964	973	952	978	972	971	978
981	980	980	980	975	970	984	978	978	974
977	984	983	987	977	977	982	982	975	985
973	982	977	983	980	981	980	978	984	981
983	977	982	987	986	979	984	983	985	986
988	984	988	981	987	977	987	988	990	974
