410	70.1	37.6	47.2	83.6	62.9	115	133	77.3	59.4
520	181	106	135	239	272	399	403	145	121
559	226	160	310	441	427	466	497	412	212
591	269	333	442	582	506	501	563	457	340
690	313	360	480	613	593	598	610	528	366
695	300	448	540	691	661	656	685	586	552
708	529	509	568	744	710	759	737	590	588
705	560	578	571	759	747	750	808	617	565
737	576	521	632	788	780	813	804	624	587
749	589	607	646	812	770	824	830	734	614
734	628	630	684	875	808	902	855	772	651
758	633	679	741	874	861	913	854	783	693
794	652	721	764	917	888	934	913	800	727
834	679	729	792	922	925	962	914	765	707
843	693	769	829	917	939	938	936	799	727
927	799	881	926	972	973	972	961	902	868
961	863	922	967	974	977	983	972	952	854
966	887	952	972	979	979	982	966	957	949
974	913	965	979	978	980	979	981	969	967
980	945	970	975	980	985	982	977	971	970
980	960	932	979	985	983	983	979	912	958
977	968	975	978	981	980	982	983	972	968
949	967	975	978	983	986	983	981	980	970
