58.4	20.4	53.7	53.7	32.1	40.1	26.3	36.5	32.7	40.2
117	45.6	29.6	117	33.6	32.6	117	41.0	36.3	117
175	88.9	161	161	89.2	120	98.4	115	109	121
233	125	94.2	214	109	109	215	119	112	214
292	174	268	268	181	181	182	196	191	202
350	213	349	322	201	242	321	208	309	321
408	261	375	375	266	242	267	278	274	282
466	301	429	428	294	322	428	298	428	428
524	524	483	481	524	334	270	525	300	482
544	389	493	494	383	386	536	386	399	535
538	642	641	641	642	463	292	642	217	642
750	553	748	813	438	531	814	551	531	722
853	853	687	851	634	631	487	852	640	851
895	713	895	896	427	584	477	896	438	869
919	919	607	918	776	756	486	919	778	892
932	932	933	932	700	932	849	924	916	924
927	882	919	937	750	928	935	938	931	938
943	927	932	928	931	934	933	941	924	781
929	935	931	946	925	929	935	929	936	939
944	931	935	930	940	938	934	931	933	929
909	936	947	934	934	738	939	941	935	943
917	936	933	944	936	864	944	940	935	952
881	928	934	950	944	912	809	938	948	955
