94.2	50.9	128	90.8	38.2	107	64.6	58.7	144	119
159	84.7	68.6	138	127	171	158	175	116	125
143	177	151	160	190	207	130	218	218	106
207	162	171	140	180	202	163	195	178	249
167	149	157	225	225	213	178	239	217	125
155	203	212	188	169	184	218	212	198	213
133	119	175	211	179	186	218	208	211	175
165	194	209	202	223	227	160	192	186	166
214	211	237	246	237	199	248	145	229	203
172	262	178	183	261	227	246	207	230	230
169	217	200	215	208	245	218	195	203	241
199	199	223	235	177	178	222	250	216	178
202	202	232	238	263	258	212	235	230	225
242	202	172	196	227	219	260	215	225	218
243	231	215	256	234	252	236	240	208	214
255	241	291	215	208	255	277	251	244	249
261	311	289	252	288	342	286	267	282	310
287	269	266	318	280	299	260	279	297	288
273	324	304	315	300	304	326	313	271	296
277	294	328	311	300	314	295	272	286	320
341	326	344	307	324	295	311	325	295	333
378	317	317	318	361	320	353	306	296	360
373	330	329	350	318	313	335	298	326	345
