41.1	44.1	47.5	48.6	47.2	47.2	47.2	15.4	47.2	47.6
68.8	96.2	94.6	93.9	93.0	106	94.6	38.6	95.3	90.6
139	151	151	151	151	157	151	105	149	148
168	201	211	201	206	212	201	94.2	173	196
138	251	264	252	252	257	242	129	229	235
189	298	317	302	315	304	257	179	296	273
200	369	370	352	352	352	338	192	317	294
246	411	409	386	413	402	389	243	382	327
243	425	470	452	431	454	371	237	369	369
220	472	508	504	472	494	351	180	398	347
255	481	545	550	498	544	413	252	397	344
347	515	545	541	523	570	399	337	388	388
317	548	564	585	561	623	430	439	402	376
348	586	568	566	531	532	405	450	417	376
405	676	550	598	581	560	425	442	428	369
377	603	601	628	601	567	441	445	405	400
451	652	655	636	580	630	420	440	406	409
594	594	628	652	600	585	403	437	426	404
604	561	674	670	623	636	416	469	425	422
651	636	667	642	620	564	449	467	425	422
579	673	655	665	618	629	395	484	429	422
639	619	686	654	629	616	393	476	432	496
640	623	682	668	640	649	359	455	442	467
