984	985	975	983	985	985	972	985	983	987
983	987	902	988	991	991	982	988	982	991
991	991	988	990	991	991	991	991	990	991
991	990	991	991	991	991	991	991	991	991
990	990	991	991	991	991	991	991	991	991
991	992	992	991	989	992	991	989	992	991
991	992	992	991	991	991	991	991	992	991
992	992	989	991	990	991	992	992	991	991
992	992	991	991	992	992	990	992	992	992
992	992	989	986	990	992	992	992	992	992
992	992	990	990	992	992	992	992	992	992
992	992	987	988	991	991	992	992	992	992
992	992	989	987	993	990	992	991	992	993
992	994	983	986	992	990	990	992	990	992
992	995	992	987	991	992	990	991	992	993
994	992	993	989	994	990	993	994	992	997
991	993	989	990	994	997	994	993	992	995
991	992	988	988	993	992	992	995	993	993
993	993	992	994	993	995	993	993	992	994
995	991	991	991	996	997	996	992	990	992
991	992	994	992	991	993	998	999	994	995
993	993	992	991	995	998	991	993	998	998
992	995	995	993	994	1.00	998	993	998	998
